100
2 1
500 300
900
660
2 1
500 300
1500
809
2 2
50 100
450 449
1100 1101
2 1
500 300
300
500
1 8
10
11 13 17 11 16 14 12 18
2 8
4 8
392 440 432 423 400 440 394 384
728 720 800 779 720 735 853 836
2 7
1 3
2072 2310 1938 2013 2096 2181 2256
6681 6187 6699 6288 5670 6604 6111
1 4
2
4775 2700 1400 2925
2 4
4 6
752 895 848 880
1275 1153 1080 1288
2 4
1 1
1200 1193 1237 1320
1200 1105 1080 1098
1 3
5
4320 4950 4882
1 7
4
4 20 44 12 4 4 44
2 8
3 8
3 3 3 27 33 3 3 3
8 8 8 88 8 8 8 72
1 6
7
741 1400 3150 2016 2955 3894
2 8
8 8
10537 9849 9666 9432 10216 10432 10841 11103
10281 11258 10022 9345 10432 11225 11210 11528
1 8
4
800 8172 9057 3199 5600 5346 6594 1080
2 6
10 4
1805 3766 4500 6136 3000 1094
2200 1587 2460 877 1200 409
2 8
9 1
99 27 63 18 70 45 9 99
8 7 1 3 2 9 9 5
1 1
6
640
2 8
2 10
3978 3978 4402 4250 4406 4643 4432 4096
24310 22347 22010 24310 22826 20341 21664 22030
1 1
6
589
2 8
1 10
1 1 1 1 1 9 11 1
9 110 10 10 9 10 9 90
2 7
9 9
3288 4208 960 2430 5443 1800 6300
5546 3250 1800 2970 971 4149 6300
1 3
700366
686046 924906 615294
2 3
5 3
5 40 18
11 3 24
1 8
2
660 751 1445 1314 1000 438 1760 219
2 8
2 4
1100 1630 800 630 1128 189 1342 388
733 1600 1209 2467 3457 2533 1800 406
2 6
8 6
12171 18480 8346 16800 6036 11946
9876 6115 4373 11340 8099 12600
2 4
4 9
3249 2880 3059 3374
6488 7508 7185 7920
1 5
10
87 76 90 48 50
2 8
10 4
18795 17852 20891 21010 20563 18950 17190 19050
8404 7620 7580 6876 7680 7556 7816 7533
2 8
7 4
13932 13926 15400 13153 14572 14086 14000 14302
8475 8000 7298 8086 8032 8403 7828 7200
1 6
9
44 45 9 81 25 27
2 7
691395 273923
638639 821003 960759 664065 925540 399591 55713
575520 976686 243404 753519 866632 678433 583411
2 8
460728 309540
959072 600118 563778 249108 962585 874316 898867 978507
942688 596608 567771 896468 664951 895857 738836 621778
2 7
2 2
427 391 360 440 375 392 396
396 440 360 375 384 405 394
2 6
3 2
9 23 11 33 6 17
6 12 18 8 4 13
2 4
10 2
3086 920 4000 1843
800 610 198 386
2 8
182747 15860
285548 651270 636298 997185 999197 648848 709646 906802
816476 512574 713259 337236 328035 974679 907526 630668
2 1
1 4
9
44
1 7
3
3 12 33 6 24 33 3
1 6
761996
736144 118294 798114 888401 531916 898902
1 8
10
27500 15239 8114 4610 14136 22000 11217 25000
2 8
1 1
1000000 999999 999998 999997 999996 999995 999994 999993
999992 999991 999990 999989 999988 999987 999986 999985
1 6
8
806 1592 2400 3520 4681 4157
1 1
3
579
1 6
8
17414 4927 17280 18480 9333 16800
2 2
9 5
19800 20108
11681 11000
2 8
50064 13053
666149 826269 948314 905996 761445 292691 875679 129999
903740 875454 900898 824724 805090 802226 813779 759597
1 7
5
3500 2416 3190 2090 1000 1650 463
1 8
642358
825726 816115 905073 341440 963705 740880 913634 989906
2 2
5 10
5500 929
11000 1863
1 7
872802
618419 374056 506713 941680 946510 745470 788686
1 3
103304
854561 997932 707104
2 5
2 7
2150 4383 651 1260 1400
2220 4900 14967 5390 7309
1 1
3
4800
1 4
2
3610 3982 3826 3494
2 3
6 6
42 24 37
38 24 39
1 8
3
1542 5940 5100 330 306 3786 1432 1453
2 7
52749 207900
891542 129614 622414 326596 906791 214841 928546
754360 868874 936361 778855 683396 336649 825762
2 2
8 10
2315 2640
2945 2700
2 6
6 4
3240 3280 540 1786 1200 2635
1737 1932 800 2640 440 1122
1 6
3
2123 3000 8250 6287 6000 3285
1 3
2
15 8 12
2 8
4 1
36 35 8 4 8 16 8 44
2 1 2 11 4 2 9 8
2 8
291516 19067
835792 997866 791683 848059 925965 597840 995682 586792
907034 763459 675898 894516 889981 746144 975861 929539
1 8
26344
955075 214668 438887 991881 603384 785476 563024 970398
2 4
5 4
5 5 5 5
4 4 4 4
2 4
7 5
12952 12682 13377 13300
9500 9819 8866 9609
2 1
9 4
11022
5018
2 2
5 10
3787 7647
7850 15962
2 7
8 6
12320 10420 11817 11200 12004 10313 12320
7560 8303 8068 8304 7560 8652 8400
1 1
5
5211
2 8
418809 125809
702902 950367 879793 272821 614193 943254 940846 574288
455868 974382 809273 870127 922740 897617 910722 648279
1 6
4
24 44 13 11 12 15
1 8
6
10202 10824 10830 11946 10755 11772 11516 11218
2 8
5 4
9900 9155 8383 9000 9235 9900 9000 8202
6724 7196 6998 7556 6480 6480 7200 7200
2 5
8 3
8 8 72 8 8
3 3 3 3 33
2 8
8 4
6160 3209 1760 2400 791 6400 3636 4345
2520 377 720 1691 2600 1200 3200 1984
2 2
3 6
2262 2640
4320 4527
1 4
355760
673775 555847 450717 590646
1 6
8
16289 14024 15200 14903 15200 16720
2 1
4 3
8360
5130
1 8
10
5490 5853 6230 6050 6030 5783 5818 6600
1 3
1000000
900000 900001 899999
2 5
6 8
15243 16500 15018 13916 14195
20964 20473 18000 18392 20024
1 4
1
200 90 300 388
2 8
1 7
5 5 7 9 11 8 5 6
63 33 48 56 77 38 36 35
2 8
9 1
81 33 29 66 9 81 63 19
7 11 11 2 1 4 8 3
2 8
1 5
294 100 360 500 604 180 792 713
3172 2200 1433 1012 547 2500 3519 3991
1 8
10
5 6 3 7 2 8 4 1
2 7
10 2
9 9 10 10 90 10 10
2 2 2 2 2 22 2
1 8
697252
608407 123706 968873 528612 973852 869278 792531 339909
2 6
5 6
2500 2500 2379 2264 2750 2569
3000 2800 3000 2894 3000 2700
1 1
9
18900
2 6
5 3
9081 8178 9000 8100 8320 8919
5400 5912 5475 5360 5338 5940
2 7
1 8
1 9 1 1 1 1 1
8 8 8 8 8 8 88
2 8
1 7
1387 99 1826 1650 1821 295 2504 1000
9450 7000 17723 13109 8854 708 1952 12987
1 5
235412
999864 675724 890597 821398 877680
2 8
3 8
4647 6480 2183 963 3900 4848 3600 826
9600 10400 2262 13147 2264 5930 12589 21120
